C array
[[ 1.000000000000e+00  4.000000000000e+00  9.000000000000e+00  1.600000000000e+01  2.500000000000e+01  3.600000000000e+01  4.900000000000e+01]
 [ 5.000000000000e+00  1.039230484541e+01  1.400000000000e+01  1.385640646055e+01  9.000000000000e+00  2.449293598295e-15 -1.100000000000e+01]
 [ 5.000000000000e+00  6.000000000000e+00  9.898702228099e-16 -8.000000000000e+00 -9.000000000000e+00 -2.828200636600e-15  1.100000000000e+01]
 [ 5.000000000000e+00  7.347880794884e-16 -7.000000000000e+00 -1.959434878636e-15  9.000000000000e+00  3.673940397442e-15 -1.100000000000e+01]
 [ 5.000000000000e+00 -6.000000000000e+00 -1.979740445620e-15  8.000000000000e+00 -9.000000000000e+00 -5.656401273200e-15  1.100000000000e+01]
 [ 5.000000000000e+00 -1.039230484541e+01  1.400000000000e+01 -1.385640646055e+01  9.000000000000e+00  4.777360477948e-14 -1.100000000000e+01]
 [ 1.000000000000e+00 -4.000000000000e+00  9.000000000000e+00 -1.600000000000e+01  2.500000000000e+01 -3.600000000000e+01  4.900000000000e+01]]
C_inv array
[[-9.783969213291e-19  1.666666666667e-02  5.000000000000e-02  6.666666666667e-02  5.000000000000e-02  1.666666666667e-02  1.100328958986e-17]
 [ 2.917150209777e-19  2.405626121623e-02  4.166666666667e-02  2.426629187462e-17 -4.166666666667e-02 -2.405626121623e-02 -1.995004578592e-17]
 [-2.275616096983e-18  2.380952380952e-02  1.697654853251e-17 -4.761904761905e-02 -6.413333189146e-18  2.380952380952e-02  2.608087701339e-17]
 [-1.271969029173e-18  1.804219591218e-02 -3.125000000000e-02 -1.714185069938e-17  3.125000000000e-02 -1.804219591218e-02 -3.152120964152e-17]
 [ 7.681564245810e-03  2.154828411812e-03 -1.787709497207e-02  2.837190742219e-02 -1.787709497207e-02  2.154828411812e-03  7.681564245810e-03]
 [ 1.388888888889e-02 -1.069167165166e-02  9.259259259259e-03  5.819787343036e-18 -9.259259259259e-03  1.069167165166e-02 -1.388888888889e-02]
 [ 6.284916201117e-03 -5.812716147912e-03  8.100558659218e-03 -7.089651503059e-03  8.100558659218e-03 -5.812716147912e-03  6.284916201117e-03]]
a_n
[ 2.000000000000e-01 -1.569058485416e-17  1.640082057926e-17 -3.026777501820e-17  1.229050279330e-02  1.739097673527e-17  1.005586592179e-02]
b_n
[ 7.886751345948e-02 -1.110959054286e-17  4.123930494212e-02 -2.764662308761e-17  1.218305810404e-03  1.686937469279e-17  1.060247136329e-02]
c_n
[ 7.886751345948e-02 -1.110959054286e-17  4.123930494212e-02 -2.764662308761e-17  1.218305810404e-03  1.686937469279e-17  1.060247136329e-02]
d_n
[ 7.886751345948e-02 -1.110959054286e-17  4.123930494212e-02 -2.764662308761e-17  1.218305810404e-03  1.686937469279e-17  1.060247136329e-02]
