C array
[[ 1.000000000000e+00  4.000000000000e+00  9.000000000000e+00  1.600000000000e+01  2.500000000000e+01  3.600000000000e+01  4.900000000000e+01]
 [ 4.368434043367e+00  9.298400520194e+00  1.273686808673e+01  1.276250213533e+01  8.368434043367e+00  2.294604552846e-15 -1.036843404337e+01]
 [ 5.410631163374e+00  6.410631163374e+00  1.047937588693e-15 -8.410631163374e+00 -9.410631163374e+00 -2.944335368366e-15  1.141063116337e+01]
 [ 4.819718634205e+00  7.127099797318e-16 -6.819718634205e+00 -1.915278679123e-15  8.819718634205e+00  3.607706098172e-15 -1.081971863421e+01]
 [ 5.410631163374e+00 -6.410631163374e+00 -2.095875177386e-15  8.410631163374e+00 -9.410631163374e+00 -5.888670736732e-15  1.141063116337e+01]
 [ 4.368434043367e+00 -9.298400520194e+00  1.273686808673e+01 -1.276250213533e+01  8.368434043367e+00  4.475638653904e-14 -1.036843404337e+01]
 [ 1.000000000000e+00 -4.000000000000e+00  9.000000000000e+00 -1.600000000000e+01  2.500000000000e+01 -3.600000000000e+01  4.900000000000e+01]]
C_inv array
[[ 1.035725370834e-04  1.797535351667e-02  4.785157782363e-02  6.741681635809e-02  4.785157782363e-02  1.797535351667e-02  1.035725370835e-04]
 [ 4.380383168726e-18  2.627975492035e-02  3.987755755448e-02  2.899257681961e-17 -3.987755755448e-02 -2.627975492035e-02 -2.278108916236e-17]
 [ 3.456320196925e-05  2.618845517405e-02  5.493694320686e-04 -4.872049453824e-02  5.493694320686e-04  2.618845517405e-02  3.456320196928e-05]
 [-4.291221643507e-18  2.003057946375e-02 -2.905366815823e-02 -1.434013512596e-17  2.905366815823e-02 -2.003057946375e-02 -3.029338389312e-17]
 [ 7.674364324058e-03  2.506865434160e-03 -1.663478167579e-02  2.961966576041e-02 -1.663478167579e-02  2.506865434160e-03  7.674364324058e-03]
 [ 1.388888888889e-02 -1.182245253059e-02  8.481901675383e-03  7.337972059609e-18 -8.481901675383e-03  1.182245253059e-02 -1.388888888889e-02]
 [ 6.280127562117e-03 -6.455981345656e-03  7.409666105767e-03 -7.539265500495e-03  7.409666105767e-03 -6.455981345656e-03  6.280127562117e-03]]
a_n
[ 1.992778241129e-01 -1.087523965606e-17  4.824281077937e-03 -2.330490778661e-17  1.671256192526e-02  1.631940454737e-17  6.928359143963e-03]
